image: /home/quandinh/test_ws/src/xe_4/map_test/map1/map1.pgm
resolution: 0.050000
origin: [-51.224998, -51.224998, 0.000000]
negate: 0
occupied_thresh: 0.65
free_thresh: 0.196

